    HAMILTON       JAY   MADISON Best Match
18  0.992357  0.980076  0.990208   HAMILTON
19  0.976474  0.965702  0.980374    MADISON
20  0.992996  0.987436  0.995223    MADISON
49  0.995774  0.988889  0.992246   HAMILTON
50  0.996925  0.996335  0.995132   HAMILTON
51  0.997555  0.990646  0.995400   HAMILTON
52  0.998728  0.994752  0.997688   HAMILTON
53  0.998689  0.997981  0.998879    MADISON
54  0.999203  0.996984  0.998517   HAMILTON
55  0.998458  0.996612  0.998389   HAMILTON
56  0.995442  0.991494  0.991648   HAMILTON
57  0.985946  0.971262  0.981044   HAMILTON
58  0.998066  0.995480  0.996881   HAMILTON
64  0.993696  0.998541  0.996088        JAY