    HAMILTON       JAY   MADISON Best Match
18  2.476729  2.538480  2.029672    MADISON
19  2.806521  2.876214  2.294644    MADISON
20  3.045540  2.780510  2.354734    MADISON
49  0.923194  1.311699  1.121732   HAMILTON
50  2.999860  2.520699  2.430505    MADISON
51  0.636588  1.408510  1.263493   HAMILTON
52  0.853494  0.935949  0.613632    MADISON
53  0.780391  0.575158  0.425526    MADISON
54  0.730146  0.698429  0.488848    MADISON
55  0.483086  0.981196  0.972721   HAMILTON
56  0.872656  1.153955  1.188977   HAMILTON
57  2.411042  3.163500  3.130167   HAMILTON
58  0.713367  0.837343  0.729615   HAMILTON
64  1.476969  0.749335  0.910483        JAY