         HAMILTON_TAD   JAY_TAD  MADISON_TAD Best Match
article                                                
18           4.177193  4.005356     3.045500    MADISON
19           5.186822  4.994623     4.094340    MADISON
20           5.694233  5.395003     4.575195    MADISON
49           1.705146  2.290675     2.108466   HAMILTON
50           4.397100  4.108221     4.082052    MADISON
51           1.164875  2.187222     2.103554   HAMILTON
52           1.699144  1.678109     1.311747    MADISON
53           1.335050  1.245165     0.918898    MADISON
54           1.278345  1.320628     1.033813    MADISON
55           0.789800  1.657792     1.750226   HAMILTON
56           2.056060  2.641643     2.623698   HAMILTON
57           3.133577  4.182924     4.199794   HAMILTON
58           1.322836  1.456486     1.253914    MADISON
64           2.584629  1.598785     2.071018        JAY